0.201411
0.382041
0.439689
0.382041
1.43824
2.33021
0.439689
2.33021
5.64062
0.382041
0.749853
0.869578
0.749853
3.00864
4.95317
0.869578
4.95317
12.2157
0.439689
0.869578
1.01021
0.869578
3.54527
5.86259
1.01021
5.86259
14.5369
0.382041
0.749853
0.869578
0.749853
3.00864
4.95317
0.869578
4.95317
12.2157
1.43824
3.00864
3.54527
3.00864
14.2234
24.7585
3.54527
24.7585
65.9351
2.33021
4.95317
5.86259
4.95317
24.7585
44.2102
5.86259
44.2102
122.908
0.439689
0.869578
1.01021
0.869578
3.54527
5.86259
1.01021
5.86259
14.5369
2.33021
4.95317
5.86259
4.95317
24.7585
44.2102
5.86259
44.2102
122.908
5.64062
12.2157
14.5369
12.2157
65.9351
122.908
14.5369
122.908
373.274