4 0

                alpha   d   l
1 0.0 0.0 0.0
6 2.0787 0.0 0.0
6 4.3653 0.0 0.0
1 6.4440 0.0 0.0


2p
2.94124940 0.15591627
0.68348310 0.60768372
0.22228990 0.39195739

1s
3.42525091 0.15432897
0.62391373 0.53532814
0.16885540 0.44463454

2s
2.94124940 -0.09996723 
0.68348310 0.39951283 
0.22228990 0.70011547 



1S_H1 1S_H2 2S_C1 2P1_C1 2P2_C1 2P3_C1  2S_C2 2P1_C2 2P2_C2 2P3_C2



1S_H1
1 0.0 0.0 0.0 


0.0 0.0 0.0 3.42525091 0.15432897
0.0 0.0 0.0 0.62391373 0.53532814
0.0 0.0 0.0 0.16885540 0.44463454



1S_H2
1 6.4440 0.0 0.0

6.4440 0.0 0.0 3.42525091 0.15432897
6.4440 0.0 0.0 0.62391373 0.53532814
6.4440 0.0 0.0 0.16885540 0.44463454





2S_C1
6 2.0787 0.0 0.0

2.0787 0.0 0.0 2.94124940 -0.09996723 
2.0787 0.0 0.0 0.68348310 0.39951283 
2.0787 0.0 0.0 0.22228990 0.70011547 


2P1_C1
2.0787 0.0 0.0 2.94124940 0.15591627
2.0787 0.0 0.0 0.68348310 0.60768372
2.0787 0.0 0.0 0.22228990 0.39195739


2P2_C1
2.0787 0.0 0.0 2.94124940 0.15591627
2.0787 0.0 0.0 0.68348310 0.60768372
2.0787 0.0 0.0 0.22228990 0.39195739

2P3_C1
2.0787 0.0 0.0 2.94124940 0.15591627
2.0787 0.0 0.0 0.68348310 0.60768372
2.0787 0.0 0.0 0.22228990 0.39195739




2S_C2
6 4.3653 0.0 0.0

4.3653 0.0 0.0 2.94124940 -0.09996723 
4.3653 0.0 0.0 0.68348310 0.39951283 
4.3653 0.0 0.0 0.22228990 0.70011547 



2P1_C2
4.3653 0.0 0.0 2.94124940 0.15591627
4.3653 0.0 0.0 0.68348310 0.60768372
4.3653 0.0 0.0 0.22228990 0.39195739


2P2_C2
4.3653 0.0 0.0 2.94124940 0.15591627
4.3653 0.0 0.0 0.68348310 0.60768372
4.3653 0.0 0.0 0.22228990 0.39195739



2P3_C2
4.3653 0.0 0.0 2.94124940 0.15591627
4.3653 0.0 0.0 0.68348310 0.60768372
4.3653 0.0 0.0 0.22228990 0.39195739

