2 0


                alpha       d           l
1 0.0 0.0 0.0 3.42525091 0.15432897     0
1 0.0 0.0 0.0 0.62391373 0.53532814     0   
1 0.0 0.0 0.0 0.16885540 0.44463454     0




1 1.3984 0.0 0.0 3.42525091 0.15432897  0
1 1.3984 0.0 0.0 0.62391373 0.53532814  0
1 1.3984 0.0 0.0 0.16885540 0.44463454  0





0.0 0.0 0.0 3.42525091 0.15432897     0
0.0 0.0 0.0 3.42525091 0.15432897     0





H1*H1

0.0 0.0 0.0 3.42525091 0.15432897     0
0.0 0.0 0.0 3.42525091 0.15432897     0

0.0 0.0 0.0 0.62391373 0.53532814     0  
0.0 0.0 0.0 0.62391373 0.53532814     0  

0.0 0.0 0.0 0.16885540 0.44463454     0
0.0 0.0 0.0 0.16885540 0.44463454     0



H1*H2

0.0 0.0 0.0 3.42525091 0.15432897     0
1.3984 0.0 0.0 3.42525091 0.15432897  0

0.0 0.0 0.0 0.62391373 0.53532814     0   
1.3984 0.0 0.0 0.62391373 0.53532814  0

0.0 0.0 0.0 0.16885540 0.44463454     0
1.3984 0.0 0.0 0.16885540 0.44463454  0


H2*H2

1.3984 0.0 0.0 3.42525091 0.15432897  0
1.3984 0.0 0.0 3.42525091 0.15432897  0


1.3984 0.0 0.0 0.62391373 0.53532814  0
1.3984 0.0 0.0 0.62391373 0.53532814  0


1.3984 0.0 0.0 0.16885540 0.44463454  0
1.3984 0.0 0.0 0.16885540 0.44463454  0


H2*H1 


1.3984 0.0 0.0 3.42525091 0.15432897  0
0.0 0.0 0.0 3.42525091 0.15432897     0

1.3984 0.0 0.0 0.62391373 0.53532814  0
0.0 0.0 0.0 0.62391373 0.53532814     0   

1.3984 0.0 0.0 0.16885540 0.44463454  0
0.0 0.0 0.0 0.16885540 0.44463454     0